1
7
1
6
4
2
1
1
1
1
3
5
1
1
1
2
1
1
6
1
1
2
1720
1
1
1
5
1
86
6
70
2
1
1
1
2
1
2
1
8
1
1
1
1
8
1
5
1
15
1
199
2
1
1
1
1
1
5
1
1
2
1
1
1
1
2
6
1
1
14
2
1
1
6
1
2066
1
2
1
1
1
2
18
2
3
504
1
2
1
18
1
2
1
1
1
3
7
62
2
1
1
8
1
1
2
573
988
1
2891
2
1
4
1
1
8
6
5
1
1
1
5
3
4
2
1
1
1
1
1
1
1
12
17
8
8
1
2
1
13464
1
330
8
28
1
2
2
2
1
1
8
1
1
3
6
2
1
1
1
1
1
12
3
2
1
1
1
1
5
12
2
2
1
3
1
1
1
1
6
1
1
2
1
1
1
1
15
5392
10
1
1
1
1
334
1
1
8
2
4163
18
1
2
1
1
1
1
3
16
3
1
1
1
1
1
1
1
2
1
2
1
1
305
1
16
1
21332
3
1
1
2
65
1
1
323
5
1
3
1953
1
1
1
1
2
6
1
2
1
2
4
1
1
1
98
6
1
2
1
4
1
2
2
2
2
1
1
6
1
1
1
1
1
1
6
3
10
3
1
1
1
2
2
3
2
11
5
1608
1
1
1
2330
1
2842
2
2
2
130
1
1
1
14
2
4
148
1
2
6
1
1
1
1
2
1
37
1
1
4
1
4
1
1922
12
14
4
3
2
1
2
4
1
1
1
2
1
1
1
2
4
53
97
1
2
1
6
5
2
1
2
664
1
1
4
1
1
4
3
1
1
7
3
1
1
1
1
1
1085
5
8
1
1
2550
134
5
446
1
2
18
3
1
1
1
3
12
1
1
1
2
1
2
1
2
1
4
8
1
1
100
1
1
5
1
292
1
1
1
752
1
2
1
6
1
141
5
172
1383
3
1
2
32
1
1
1
2037
3
1
1
1
1
1
255
5
4
1
15
3
1
6
3
1
1
1
11
1
2
1
6
24
17
1
1
2
2
12443
8
1
8
1
1
5
2
3
667
6
2
1
2
6
6
1
1
1
1
1
1
2
1
1
2
2
1
8
1
1
2
1
316
1
2
1577
1
1
1
1
1
1
12
1
6
2
1
1
569
22
1
1
1
30
1
3
2
8
1
1
1
1
1
2
1
1
8
230
1
1
2
7
6
1
1
2
1
1
3
1
6
1
3
4
1
1
1
7
17539
1
1
1
1
1
1
6
1
1
1
6
23
1
1
1
1
1
1
2
1
1
1
1
1
2
1
14
2
7
1
6
2
1
6
8
74
1
1
1
6
6
1
2
1
1
1
1382
1
1
6
6
12
4
6
1
2
27
6
2
18
1
1
1
13
2
1
1
8
1
1
1
1891
4670
1
18
1
1
9
7
6
14
135
1
1
1
3
1
1
1
2
1
1
1
2
1
21
1
1
10
1
1
1
6
1
1
244
1
1
1
3
3
1
1
1
4
1
34
1
1
8
1
6
412
6
1
1
1
1
2
10
1
37
7
6
1
3
1
5
3
6
25
3
3
2
820
8
6
1
6377
1
2
1
1
1
18
4
1
30
1
3
11
1
1
1
381
381
1
8
1
2
1
3
1
6
1
2
3
2
1
3
1
1
1
1
1
1
6
6
1
1
1
1
1
1
2
8660
1
12
20
1410
12
1
2
53
3
1
5
1
1
1
1
1
1
3
2
2
21
1
1
1
1
4
1
1
